132030.005000000 0.100000316     0.100000316     0.200000158     0.050497525     0.050497525     0.050497525     0.500002000     0.500002000     1.000001000     0.083333276     0.083333276     0.083333276     3.333331020     3.333331020     3.333331020     0.083333276     0.083333276     0.083333276     0.833332755     0.833332755     0.833332755     
132030.010000000 0.100001269     0.100001269     0.200000634     0.050990195     0.050990195     0.050990195     0.500004000     0.500004000     1.000002000     0.117850967     0.117850967     0.117850967     4.714038663     4.714038663     4.714038663     0.117850967     0.117850967     0.117850967     1.178509666     1.178509666     1.178509666     
132030.015000000 0.100002872     0.100002872     0.200001436     0.051478151     0.051478151     0.051478151     0.500006000     0.500006000     1.000003000     0.144337267     0.144337267     0.144337267     5.773490666     5.773490666     5.773490666     0.144337267     0.144337267     0.144337267     1.443372667     1.443372667     1.443372667     
132030.020000000 0.100005137     0.100005137     0.200002569     0.051961525     0.051961525     0.051961524     0.500008000     0.500008000     1.000004000     0.166666204     0.166666204     0.166666204     6.666648146     6.666648146     6.666648146     0.166666204     0.166666204     0.166666204     1.666662037     1.666662037     1.666662037     
132030.025000000 0.100008078     0.100008078     0.200004039     0.052440444     0.052440444     0.052440442     0.500010000     0.500010000     1.000005000     0.186338351     0.186338351     0.186338351     7.453534044     7.453534044     7.453534044     0.186338351     0.186338351     0.186338351     1.863383511     1.863383511     1.863383511     
132030.030000000 0.100011706     0.100011706     0.200005853     0.052915028     0.052915028     0.052915026     0.500012000     0.500012000     1.000006000     0.204123295     0.204123295     0.204123295     8.164931789     8.164931789     8.164931789     0.204123295     0.204123295     0.204123295     2.041232947     2.041232947     2.041232947     
132030.035000000 0.100016033     0.100016033     0.200008017     0.053385394     0.053385393     0.053385391     0.500014000     0.500014000     1.000007000     0.220478204     0.220478204     0.220478204     8.819128166     8.819128166     8.819128166     0.220478204     0.220478204     0.220478204     2.204782042     2.204782042     2.204782042     
132030.040000000 0.100021073     0.100021073     0.200010537     0.053851651     0.053851651     0.053851648     0.500016000     0.500016000     1.000008000     0.235700951     0.235700951     0.235700951     9.428038039     9.428038039     9.428038039     0.235700951     0.235700951     0.235700951     2.357009510     2.357009510     2.357009510     
132030.045000000 0.100026837     0.100026837     0.200013420     0.054313906     0.054313906     0.054313903     0.500018000     0.500018000     1.000009000     0.249998438     0.249998438     0.249998438     9.999937502     9.999937502     9.999937502     0.249998438     0.249998438     0.249998438     2.499984375     2.499984375     2.499984375     
132030.050000000 0.100033338     0.100033338     0.200016671     0.054772260     0.054772260     0.054772256     0.500020000     0.500020000     1.000010000     0.263521308     0.263521308     0.263521308     10.540852332    10.540852332    10.540852332    0.263521308     0.263521308     0.263521308     2.635213083     2.635213083     2.635213083     
132030.055000000 0.100040589     0.100040589     0.200020297     0.055226811     0.055226810     0.055226805     0.500022000     0.500022000     1.000011000     0.276383288     0.276383288     0.276383288     11.055331517    11.055331517    11.055331517    0.276383288     0.276383288     0.276383288     2.763832879     2.763832879     2.763832879     
132030.060000000 0.100048601     0.100048601     0.200024305     0.055677650     0.055677650     0.055677644     0.500023999     0.500023999     1.000012000     0.288672729     0.288672729     0.288672729     11.546909159    11.546909159    11.546909159    0.288672729     0.288672729     0.288672729     2.886727290     2.886727290     2.886727290     
132030.065000000 0.100057387     0.100057387     0.200028700     0.056124869     0.056124868     0.056124861     0.500025999     0.500025999     1.000013000     0.300459894     0.300459894     0.300459894     12.018395752    12.018395752    12.018395752    0.300459894     0.300459894     0.300459894     3.004598938     3.004598938     3.004598938     
132030.070000000 0.100066959     0.100066959     0.200033488     0.056568551     0.056568551     0.056568543     0.500027999     0.500027999     1.000014000     0.311801751     0.311801751     0.311801751     12.472070033    12.472070033    12.472070033    0.311801751     0.311801751     0.311801751     3.118017508     3.118017508     3.118017508     
132030.075000000 0.100077329     0.100077329     0.200038676     0.057008781     0.057008781     0.057008772     0.500029999     0.500029999     1.000015000     0.322745250     0.322745250     0.322745250     12.909810011    12.909810011    12.909810011    0.322745250     0.322745250     0.322745250     3.227452503     3.227452503     3.227452503     
132030.080000000 0.100088511     0.100088511     0.200044270     0.057445638     0.057445637     0.057445627     0.500031999     0.500031999     1.000016000     0.333329630     0.333329630     0.333329630     13.333185185    13.333185185    13.333185185    0.333329630     0.333329630     0.333329630     3.333296296     3.333296296     3.333296296     
132030.085000000 0.100100515     0.100100515     0.200050276     0.057879198     0.057879197     0.057879185     0.500033999     0.500033999     1.000017000     0.343588079     0.343588079     0.343588079     13.743523168    13.743523168    13.743523168    0.343588079     0.343588079     0.343588079     3.435880792     3.435880792     3.435880792     
132030.090000000 0.100113355     0.100113355     0.200056701     0.058309533     0.058309532     0.058309520     0.500035999     0.500035999     1.000018000     0.353548971     0.353548971     0.353548971     14.141958848    14.141958848    14.141958848    0.353548971     0.353548971     0.353548971     3.535489712     3.535489712     3.535489712     
132030.095000000 0.100127041     0.100127041     0.200063551     0.058736717     0.058736716     0.058736701     0.500037999     0.500037999     1.000019000     0.363236786     0.363236786     0.363236786     14.529471436    14.529471436    14.529471436    0.363236786     0.363236786     0.363236786     3.632367859     3.632367859     3.632367859     
132030.100000000 0.100141587     0.100141587     0.200070831     0.059160815     0.059160814     0.059160799     0.500039998     0.500039998     1.000020000     0.372672820     0.372672820     0.372672820     14.906912809    14.906912809    14.906912809    0.372672820     0.372672820     0.372672820     3.726728202     3.726728202     3.726728202     
132030.105000000 0.100157005     0.100157005     0.200078549     0.059581896     0.059581895     0.059581877     0.500041998     0.500041998     1.000021000     0.381875739     0.381875739     0.381875739     15.275029556    15.275029556    15.275029556    0.381875739     0.381875739     0.381875739     3.818757389     3.818757389     3.818757389     
132030.110000000 0.100173306     0.100173306     0.200086709     0.060000021     0.060000020     0.060000001     0.500043998     0.500043998     1.000022000     0.390862008     0.390862008     0.390862008     15.634480338    15.634480338    15.634480338    0.390862008     0.390862008     0.390862008     3.908620084     3.908620084     3.908620084     
132030.115000000 0.100190503     0.100190503     0.200095319     0.060415253     0.060415251     0.060415231     0.500045998     0.500045998     1.000023000     0.399646244     0.399646244     0.399646244     15.985849747    15.985849747    15.985849747    0.399646244     0.399646244     0.399646244     3.996462437     3.996462437     3.996462437     
132030.120000000 0.100208607     0.100208607     0.200104385     0.060827650     0.060827649     0.060827627     0.500047998     0.500047998     1.000024000     0.408241486     0.408241486     0.408241486     16.329659456    16.329659456    16.329659456    0.408241486     0.408241486     0.408241486     4.082414864     4.082414864     4.082414864     
132030.125000000 0.100227632     0.100227632     0.200113913     0.061237270     0.061237269     0.061237245     0.500049998     0.500049998     1.000025000     0.416659433     0.416659433     0.416659433     16.666377319    16.666377319    16.666377319    0.416659433     0.416659433     0.416659433     4.166594330     4.166594330     4.166594330     
132030.130000000 0.100247587     0.100247587     0.200123908     0.061644169     0.061644167     0.061644142     0.500051997     0.500051997     1.000026000     0.424910621     0.424910621     0.424910621     16.996424831    16.996424831    16.996424831    0.424910621     0.424910621     0.424910621     4.249106208     4.249106208     4.249106208     
132030.135000000 0.100268487     0.100268487     0.200134378     0.062048399     0.062048397     0.062048370     0.500053997     0.500053997     1.000027000     0.433004583     0.433004583     0.433004583     17.320183322    17.320183322    17.320183322    0.433004583     0.433004583     0.433004583     4.330045830     4.330045830     4.330045830     
132030.140000000 0.100290341     0.100290341     0.200145328     0.062450013     0.062450011     0.062449982     0.500055997     0.500055997     1.000028000     0.440949978     0.440949978     0.440949978     17.637999112    17.637999112    17.637999112    0.440949978     0.440949978     0.440949978     4.409499778     4.409499778     4.409499778     
132030.145000000 0.100313163     0.100313163     0.200156765     0.062849061     0.062849059     0.062849028     0.500057997     0.500057997     1.000029000     0.448754696     0.448754696     0.448754696     17.950187858    17.950187858    17.950187858    0.448754696     0.448754696     0.448754696     4.487546965     4.487546965     4.487546965     
132030.150000000 0.100336964     0.100336964     0.200168694     0.063245591     0.063245589     0.063245556     0.500059997     0.500059997     1.000030000     0.456425956     0.456425956     0.456425956     18.257038227    18.257038227    18.257038227    0.456425956     0.456425956     0.456425956     4.564259557     4.564259557     4.564259557     
132030.155000000 0.100361755     0.100361755     0.200181123     0.063639650     0.063639648     0.063639613     0.500061996     0.500061996     1.000031000     0.463970375     0.463970375     0.463970375     18.558815011    18.558815011    18.558815011    0.463970375     0.463970375     0.463970375     4.639703753     4.639703753     4.639703753     
132030.160000000 0.100387549     0.100387549     0.200194056     0.064031285     0.064031282     0.064031245     0.500063996     0.500063996     1.000032000     0.471394045     0.471394045     0.471394045     18.855761813    18.855761813    18.855761813    0.471394045     0.471394045     0.471394045     4.713940453     4.713940453     4.713940453     
132030.165000000 0.100414357     0.100414357     0.200207500     0.064420538     0.064420536     0.064420497     0.500065996     0.500065996     1.000033000     0.478702584     0.478702584     0.478702584     19.148103343    19.148103343    19.148103343    0.478702584     0.478702584     0.478702584     4.787025836     4.787025836     4.787025836     
132030.170000000 0.100442191     0.100442191     0.200221462     0.064807454     0.064807452     0.064807410     0.500067996     0.500067996     1.000034000     0.485901185     0.485901185     0.485901185     19.436047408    19.436047408    19.436047408    0.485901185     0.485901185     0.485901185     4.859011852     4.859011852     4.859011852     
132030.175000000 0.100471063     0.100471063     0.200235947     0.065192074     0.065192071     0.065192028     0.500069995     0.500069995     1.000034999     0.492994666     0.492994666     0.492994666     19.719786640    19.719786640    19.719786640    0.492994666     0.492994666     0.492994666     4.929946660     4.929946660     4.929946660     
132030.180000000 0.100500983     0.100500983     0.200250961     0.065574438     0.065574435     0.065574389     0.500071995     0.500071995     1.000035999     0.499987500     0.499987500     0.499987500     19.999500010    19.999500010    19.999500010    0.499987500     0.499987500     0.499987500     4.999875002     4.999875002     4.999875002     
132030.185000000 0.100531963     0.100531963     0.200266511     0.065954585     0.065954582     0.065954534     0.500073995     0.500073995     1.000036999     0.506883853     0.506883853     0.506883853     20.275354134    20.275354134    20.275354134    0.506883853     0.506883853     0.506883853     5.068838534     5.068838534     5.068838534     
132030.190000000 0.100564016     0.100564016     0.200282603     0.066332554     0.066332551     0.066332500     0.500075994     0.500075994     1.000037999     0.513687611     0.513687611     0.513687611     20.547504448    20.547504448    20.547504448    0.513687611     0.513687611     0.513687611     5.136876112     5.136876112     5.136876112     
132030.195000000 0.100597152     0.100597152     0.200299243     0.066708381     0.066708378     0.066708325     0.500077994     0.500077994     1.000038999     0.520402406     0.520402406     0.520402406     20.816096223    20.816096223    20.816096223    0.520402406     0.520402406     0.520402406     5.204024056     5.204024056     5.204024056     
132030.200000000 0.100631382     0.100631382     0.200316437     0.067082103     0.067082100     0.067082044     0.500079994     0.500079994     1.000039999     0.527031637     0.527031637     0.527031637     21.081265475    21.081265475    21.081265475    0.527031637     0.527031637     0.527031637     5.270316369     5.270316369     5.270316369     
132030.205000000 0.100666718     0.100666718     0.200334191     0.067453754     0.067453751     0.067453693     0.500081994     0.500081994     1.000040999     0.533578494     0.533578494     0.533578494     21.343139768    21.343139768    21.343139768    0.533578494     0.533578494     0.533578494     5.335784942     5.335784942     5.335784942     
132030.210000000 0.100703172     0.100703172     0.200352511     0.067823369     0.067823366     0.067823306     0.500083993     0.500083993     1.000041999     0.540045973     0.540045973     0.540045973     21.601838937    21.601838937    21.601838937    0.540045973     0.540045973     0.540045973     5.400459734     5.400459734     5.400459734     
132030.215000000 0.100740754     0.100740754     0.200371404     0.068190981     0.068190978     0.068190915     0.500085993     0.500085993     1.000042999     0.546436893     0.546436893     0.546436893     21.857475722    21.857475722    21.857475722    0.546436893     0.546436893     0.546436893     5.464368930     5.464368930     5.464368930     
132030.220000000 0.100779475     0.100779475     0.200390874     0.068556621     0.068556618     0.068556553     0.500087993     0.500087993     1.000043999     0.552753909     0.552753909     0.552753909     22.110156344    22.110156344    22.110156344    0.552753909     0.552753909     0.552753909     5.527539086     5.527539086     5.527539086     
132030.225000000 0.100819347     0.100819347     0.200410929     0.068920322     0.068920319     0.068920251     0.500089992     0.500089992     1.000044999     0.558999526     0.558999526     0.558999526     22.359981022    22.359981022    22.359981022    0.558999526     0.558999526     0.558999526     5.589995255     5.589995255     5.589995255     
132030.230000000 0.100860381     0.100860381     0.200431575     0.069282114     0.069282111     0.069282040     0.500091992     0.500091992     1.000045999     0.565176111     0.565176111     0.565176111     22.607044437    22.607044437    22.607044437    0.565176111     0.565176111     0.565176111     5.651761109     5.651761109     5.651761109     
132030.235000000 0.100902587     0.100902587     0.200452817     0.069642026     0.069642023     0.069641949     0.500093992     0.500093992     1.000046999     0.571285904     0.571285904     0.571285904     22.851436151    22.851436151    22.851436151    0.571285904     0.571285904     0.571285904     5.712859038     5.712859038     5.712859038     
132030.240000000 0.100945976     0.100945976     0.200474662     0.070000088     0.070000085     0.070000008     0.500095991     0.500095991     1.000047999     0.577331025     0.577331025     0.577331025     23.093240988    23.093240988    23.093240988    0.577331025     0.577331025     0.577331025     5.773310247     5.773310247     5.773310247     
132030.245000000 0.100990560     0.100990560     0.200497115     0.070356328     0.070356325     0.070356245     0.500097991     0.500097991     1.000048999     0.583313484     0.583313484     0.583313484     23.332539374    23.332539374    23.332539374    0.583313484     0.583313484     0.583313484     5.833134843     5.833134843     5.833134843     
132030.250000000 0.101036350     0.101036350     0.200520183     0.070710773     0.070710770     0.070710687     0.500099991     0.500099991     1.000049999     0.589235191     0.589235191     0.589235191     23.569407652    23.569407652    23.569407652    0.589235191     0.589235191     0.589235191     5.892351913     5.892351913     5.892351913     
132030.255000000 0.101083355     0.101083355     0.200543871     0.071063451     0.071063447     0.071063362     0.500101990     0.500101990     1.000050999     0.595097959     0.595097959     0.595097959     23.803918368    23.803918368    23.803918368    0.595097959     0.595097959     0.595097959     5.950979592     5.950979592     5.950979592     
132030.260000000 0.101131586     0.101131586     0.200568187     0.071414386     0.071414383     0.071414294     0.500103990     0.500103990     1.000051999     0.600903513     0.600903513     0.600903513     24.036140526    24.036140526    24.036140526    0.600903513     0.600903513     0.600903513     6.009035131     6.009035131     6.009035131     
132030.265000000 0.101181055     0.101181055     0.200593135     0.071763606     0.071763603     0.071763511     0.500105989     0.500105989     1.000052999     0.606653496     0.606653496     0.606653496     24.266139830    24.266139830    24.266139830    0.606653496     0.606653496     0.606653496     6.066534958     6.066534958     6.066534958     
132030.270000000 0.101231771     0.101231771     0.200618721     0.072111135     0.072111131     0.072111037     0.500107989     0.500107989     1.000053999     0.612349472     0.612349472     0.612349472     24.493978897    24.493978897    24.493978897    0.612349472     0.612349472     0.612349472     6.123494724     6.123494724     6.123494724     
132030.275000000 0.101283746     0.101283746     0.200644952     0.072456997     0.072456993     0.072456895     0.500109989     0.500109989     1.000054999     0.617992937     0.617992937     0.617992937     24.719717461    24.719717461    24.719717461    0.617992937     0.617992937     0.617992937     6.179929365     6.179929365     6.179929365     
132030.280000000 0.101336989     0.101336989     0.200671834     0.072801215     0.072801212     0.072801111     0.500111988     0.500111988     1.000055999     0.623585314     0.623585314     0.623585314     24.943412550    24.943412550    24.943412550    0.623585314     0.623585314     0.623585314     6.235853137     6.235853137     6.235853137     
132030.285000000 0.101391511     0.101391511     0.200699373     0.073143814     0.073143811     0.073143707     0.500113988     0.500113988     1.000056999     0.629127966     0.629127966     0.629127966     25.165118658    25.165118658    25.165118658    0.629127966     0.629127966     0.629127966     6.291279664     6.291279664     6.291279664     
132030.290000000 0.101447322     0.101447322     0.200727574     0.073484816     0.073484813     0.073484705     0.500115987     0.500115987     1.000057999     0.634622197     0.634622197     0.634622197     25.384887899    25.384887899    25.384887899    0.634622197     0.634622197     0.634622197     6.346221975     6.346221975     6.346221975     
132030.295000000 0.101504432     0.101504432     0.200756443     0.073824243     0.073824240     0.073824129     0.500117987     0.500117987     1.000058999     0.640069254     0.640069254     0.640069254     25.602770150    25.602770150    25.602770150    0.640069254     0.640069254     0.640069254     6.400692537     6.400692537     6.400692537     
132030.300000000 0.101562852     0.101562852     0.200785987     0.074162117     0.074162113     0.074161999     0.500119987     0.500119987     1.000059999     0.645470330     0.645470330     0.645470330     25.818813182    25.818813182    25.818813182    0.645470330     0.645470330     0.645470330     6.454703296     6.454703296     6.454703296     
132030.305000000 0.101622591     0.101622591     0.200816211     0.074498458     0.074498454     0.074498337     0.500121986     0.500121986     1.000060999     0.650826570     0.650826570     0.650826570     26.033062788    26.033062788    26.033062788    0.650826570     0.650826570     0.650826570     6.508265697     6.508265697     6.508265697     
132030.310000000 0.101683660     0.101683660     0.200847122     0.074833288     0.074833284     0.074833163     0.500123986     0.500123986     1.000061999     0.656139072     0.656139072     0.656139072     26.245562887    26.245562887    26.245562887    0.656139072     0.656139072     0.656139072     6.561390722     6.561390722     6.561390722     
132030.315000000 0.101746068     0.101746068     0.200878724     0.075166626     0.075166622     0.075166498     0.500125985     0.500125985     1.000062999     0.661408891     0.661408891     0.661408891     26.456355636    26.456355636    26.456355636    0.661408891     0.661408891     0.661408891     6.614088909     6.614088909     6.614088909     
132030.320000000 0.101809825     0.101809825     0.200911025     0.075498492     0.075498489     0.075498361     0.500127985     0.500127985     1.000063999     0.666637038     0.666637038     0.666637038     26.665481525    26.665481525    26.665481525    0.666637038     0.666637038     0.666637038     6.666370381     6.666370381     6.666370381     
132030.325000000 0.101874941     0.101874941     0.200944030     0.075828907     0.075828903     0.075828772     0.500129984     0.500129984     1.000064999     0.671824487     0.671824487     0.671824487     26.872979468    26.872979468    26.872979468    0.671824487     0.671824487     0.671824487     6.718244867     6.718244867     6.718244867     
132030.330000000 0.101941426     0.101941426     0.200977745     0.076157887     0.076157884     0.076157749     0.500131984     0.500131984     1.000065998     0.676972172     0.676972172     0.676972172     27.078886889    27.078886889    27.078886889    0.676972172     0.676972172     0.676972172     6.769721722     6.769721722     6.769721722     
132030.335000000 0.102009289     0.102009289     0.201012175     0.076485453     0.076485450     0.076485312     0.500133983     0.500133983     1.000066998     0.682080995     0.682080995     0.682080995     27.283239800    27.283239800    27.283239800    0.682080995     0.682080995     0.682080995     6.820809950     6.820809950     6.820809950     
132030.340000000 0.102078539     0.102078539     0.201047327     0.076811622     0.076811619     0.076811477     0.500135983     0.500135983     1.000067998     0.687151822     0.687151822     0.687151822     27.486072873    27.486072873    27.486072873    0.687151822     0.687151822     0.687151822     6.871518218     6.871518218     6.871518218     
132030.345000000 0.102149187     0.102149187     0.201083206     0.077136412     0.077136409     0.077136264     0.500137982     0.500137982     1.000068998     0.692185488     0.692185488     0.692185488     27.687419509    27.687419509    27.687419509    0.692185488     0.692185488     0.692185488     6.921854877     6.921854877     6.921854877     
132030.350000000 0.102221241     0.102221240     0.201119818     0.077459840     0.077459837     0.077459688     0.500139982     0.500139982     1.000069998     0.697182798     0.697182798     0.697182798     27.887311906    27.887311906    27.887311906    0.697182798     0.697182798     0.697182798     6.971827977     6.971827977     6.971827977     
132030.355000000 0.102294710     0.102294710     0.201157170     0.077781924     0.077781921     0.077781768     0.500141981     0.500141981     1.000070998     0.702144528     0.702144528     0.702144528     28.085781114    28.085781114    28.085781114    0.702144528     0.702144528     0.702144528     7.021445278     7.021445278     7.021445278     
132030.360000000 0.102369604     0.102369604     0.201195266     0.078102679     0.078102676     0.078102520     0.500143981     0.500143981     1.000071998     0.707071427     0.707071427     0.707071427     28.282857091    28.282857091    28.282857091    0.707071427     0.707071427     0.707071427     7.070714273     7.070714273     7.070714273     
132030.365000000 0.102445932     0.102445932     0.201234113     0.078422122     0.078422120     0.078421959     0.500145980     0.500145980     1.000072998     0.711964219     0.711964219     0.711964219     28.478568766    28.478568766    28.478568766    0.711964219     0.711964219     0.711964219     7.119642191     7.119642191     7.119642191     
132030.370000000 0.102523703     0.102523703     0.201273716     0.078740270     0.078740267     0.078740103     0.500147980     0.500147980     1.000073998     0.716823602     0.716823602     0.716823602     28.672944072    28.672944072    28.672944072    0.716823602     0.716823602     0.716823602     7.168236018     7.168236018     7.168236018     
132030.375000000 0.102602926     0.102602926     0.201314082     0.079057138     0.079057135     0.079056967     0.500149979     0.500149979     1.000074998     0.721650250     0.721650250     0.721650250     28.866010007    28.866010007    28.866010007    0.721650250     0.721650250     0.721650250     7.216502502     7.216502502     7.216502502     
132030.380000000 0.102683609     0.102683609     0.201355215     0.079372740     0.079372738     0.079372566     0.500151979     0.500151979     1.000075998     0.726444817     0.726444817     0.726444817     29.057792670    29.057792670    29.057792670    0.726444817     0.726444817     0.726444817     7.264448168     7.264448168     7.264448168     
132030.385000000 0.102765762     0.102765761     0.201397122     0.079687093     0.079687090     0.079686914     0.500153978     0.500153978     1.000076998     0.731207933     0.731207933     0.731207933     29.248317304    29.248317304    29.248317304    0.731207933     0.731207933     0.731207933     7.312079326     7.312079326     7.312079326     
132030.390000000 0.102849392     0.102849392     0.201439808     0.080000210     0.080000208     0.080000028     0.500155978     0.500155978     1.000077998     0.735940208     0.735940208     0.735940208     29.437608336    29.437608336    29.437608336    0.735940208     0.735940208     0.735940208     7.359402084     7.359402084     7.359402084     
132030.395000000 0.102934509     0.102934509     0.201483280     0.080312107     0.080312105     0.080311921     0.500157977     0.500157977     1.000078998     0.740642235     0.740642235     0.740642235     29.625689410    29.625689410    29.625689410    0.740642235     0.740642235     0.740642235     7.406422352     7.406422352     7.406422352     
132030.400000000 0.103021121     0.103021121     0.201527542     0.080622797     0.080622795     0.080622608     0.500159977     0.500159977     1.000079998     0.745314586     0.745314586     0.745314586     29.812583429    29.812583429    29.812583429    0.745314586     0.745314586     0.745314586     7.453145857     7.453145857     7.453145857     
132030.405000000 0.103109236     0.103109236     0.201572600     0.080932295     0.080932293     0.080932101     0.500161976     0.500161976     1.000080998     0.749957814     0.749957814     0.749957814     29.998312578    29.998312578    29.998312578    0.749957814     0.749957814     0.749957814     7.499578144     7.499578144     7.499578144     
132030.410000000 0.103198863     0.103198862     0.201618461     0.081240614     0.081240612     0.081240416     0.500163976     0.500163976     1.000081998     0.754572459     0.754572459     0.754572459     30.182898361    30.182898361    30.182898361    0.754572459     0.754572459     0.754572459     7.545724590     7.545724590     7.545724590     
132030.415000000 0.103290009     0.103290009     0.201665130     0.081547767     0.081547765     0.081547565     0.500165975     0.500165975     1.000082998     0.759159041     0.759159041     0.759159041     30.366361629    30.366361629    30.366361629    0.759159041     0.759159041     0.759159041     7.591590407     7.591590407     7.591590407     
132030.420000000 0.103382683     0.103382683     0.201712612     0.081853768     0.081853766     0.081853562     0.500167974     0.500167974     1.000083998     0.763718065     0.763718065     0.763718065     30.548722606    30.548722606    30.548722606    0.763718065     0.763718065     0.763718065     7.637180652     7.637180652     7.637180652     
132030.425000000 0.103476893     0.103476892     0.201760912     0.082158629     0.082158627     0.082158419     0.500169974     0.500169974     1.000084998     0.768250023     0.768250023     0.768250023     30.730000914    30.730000914    30.730000914    0.768250023     0.768250023     0.768250023     7.682500229     7.682500229     7.682500229     
132030.430000000 0.103572646     0.103572646     0.201810038     0.082462363     0.082462361     0.082462149     0.500171973     0.500171973     1.000085998     0.772755390     0.772755390     0.772755390     30.910215605    30.910215605    30.910215605    0.772755390     0.772755390     0.772755390     7.727553901     7.727553901     7.727553901     
132030.435000000 0.103669951     0.103669951     0.201859994     0.082764983     0.082764981     0.082764764     0.500173973     0.500173973     1.000086998     0.777234629     0.777234629     0.777234629     31.089385173    31.089385173    31.089385173    0.777234629     0.777234629     0.777234629     7.772346293     7.772346293     7.772346293     
132030.440000000 0.103768815     0.103768815     0.201910785     0.083066500     0.083066498     0.083066277     0.500175972     0.500175972     1.000087998     0.781688190     0.781688190     0.781688190     31.267527585    31.267527585    31.267527585    0.781688190     0.781688190     0.781688190     7.816881896     7.816881896     7.816881896     
132030.445000000 0.103869246     0.103869245     0.201962418     0.083366926     0.083366925     0.083366700     0.500177971     0.500177971     1.000088998     0.786116507     0.786116507     0.786116507     31.444660298    31.444660298    31.444660298    0.786116507     0.786116507     0.786116507     7.861165074     7.861165074     7.861165074     
132030.450000000 0.103971250     0.103971250     0.202014898     0.083666274     0.083666273     0.083666043     0.500179971     0.500179971     1.000089998     0.790520007     0.790520007     0.790520007     31.620800280    31.620800280    31.620800280    0.790520007     0.790520007     0.790520007     7.905200070     7.905200070     7.905200070     
132030.455000000 0.104074837     0.104074836     0.202068230     0.083964555     0.083964554     0.083964320     0.500181970     0.500181970     1.000090998     0.794899101     0.794899101     0.794899101     31.795964029    31.795964029    31.795964029    0.794899101     0.794899101     0.794899101     7.948991007     7.948991007     7.948991007     
132030.460000000 0.104180012     0.104180011     0.202122420     0.084261780     0.084261779     0.084261541     0.500183970     0.500183970     1.000091998     0.799254190     0.799254190     0.799254190     31.970167593    31.970167593    31.970167593    0.799254190     0.799254190     0.799254190     7.992541898     7.992541898     7.992541898     
132030.465000000 0.104286783     0.104286783     0.202177474     0.084557960     0.084557959     0.084557717     0.500185969     0.500185969     1.000092997     0.803585665     0.803585665     0.803585665     32.143426583    32.143426583    32.143426583    0.803585665     0.803585665     0.803585665     8.035856646     8.035856646     8.035856646     
132030.470000000 0.104395157     0.104395157     0.202233396     0.084853107     0.084853106     0.084852859     0.500187968     0.500187968     1.000093997     0.807893905     0.807893905     0.807893905     32.315756191    32.315756191    32.315756191    0.807893905     0.807893905     0.807893905     8.078939048     8.078939048     8.078939048     
132030.475000000 0.104505141     0.104505141     0.202290193     0.085147230     0.085147229     0.085146979     0.500189968     0.500189968     1.000094997     0.812179280     0.812179280     0.812179280     32.487171207    32.487171207    32.487171207    0.812179280     0.812179280     0.812179280     8.121792802     8.121792802     8.121792802     
132030.480000000 0.104616742     0.104616742     0.202347870     0.085440341     0.085440340     0.085440086     0.500191967     0.500191967     1.000095997     0.816442151     0.816442151     0.816442151     32.657686033    32.657686033    32.657686033    0.816442151     0.816442151     0.816442151     8.164421508     8.164421508     8.164421508     