132030.005000000 0.000000000     0.000000000     0.000000000     0.000000000     0.000000000     0.000000000     0.000000000     0.000000000     0.000000000     0.000000000     0.000000000     0.000000000     
132030.010000000 0.000000000     0.000000000     0.000000000     0.000000000     0.000000000     0.000000000     0.000000000     0.000000000     0.000000000     0.000000000     0.000000000     0.000000000     
132030.015000000 0.000000000     0.000000000     0.000000000     0.000000000     0.000000000     0.000000000     0.000000000     0.000000000     0.000000000     0.000000000     0.000000000     0.000000000     
132030.020000000 0.000000000     0.000000000     0.000000000     0.000000000     0.000000000     0.000000000     0.000000000     0.000000000     0.000000000     0.000000000     0.000000000     0.000000000     
132030.025000000 0.000000000     0.000000000     0.000000000     0.000000000     0.000000000     0.000000000     0.000000000     0.000000000     0.000000000     0.000000000     0.000000000     0.000000000     
132030.030000000 0.000000000     0.000000000     0.000000000     0.000000000     0.000000000     0.000000000     0.000000000     0.000000000     0.000000000     0.000000000     0.000000000     0.000000000     
132030.035000000 0.000000000     0.000000000     0.000000000     0.000000000     0.000000000     0.000000000     0.000000000     0.000000000     0.000000000     0.000000000     0.000000000     0.000000000     
132030.040000000 0.000000000     0.000000000     0.000000000     0.000000000     0.000000000     0.000000000     0.000000000     0.000000000     0.000000000     0.000000000     0.000000000     0.000000000     
132030.045000000 0.000000000     0.000000000     0.000000000     0.000000000     0.000000000     0.000000000     0.000000000     0.000000000     0.000000000     0.000000000     0.000000000     0.000000000     
132030.050000000 0.000000000     0.000000000     0.000000000     0.000000000     0.000000000     0.000000000     0.000000000     0.000000000     0.000000000     0.000000000     0.000000000     0.000000000     
132030.055000000 0.000000000     0.000000000     0.000000000     0.000000000     0.000000000     0.000000000     0.000000000     0.000000000     0.000000000     0.000000000     0.000000000     0.000000000     
132030.060000000 0.000000000     0.000000000     0.000000000     0.000000000     0.000000000     0.000000000     0.000000000     0.000000000     0.000000000     0.000000000     0.000000000     0.000000000     
132030.065000000 0.000000000     0.000000000     0.000000000     0.000000000     0.000000000     0.000000000     0.000000000     0.000000000     0.000000000     0.000000000     0.000000000     0.000000000     
132030.070000000 0.000000000     0.000000000     0.000000000     0.000000000     0.000000000     0.000000000     0.000000000     0.000000000     0.000000000     0.000000000     0.000000000     0.000000000     
132030.075000000 0.000000000     0.000000000     0.000000000     0.000000000     0.000000000     0.000000000     0.000000000     0.000000000     0.000000000     0.000000000     0.000000000     0.000000000     
132030.080000000 0.000000000     0.000000000     0.000000000     0.000000000     0.000000000     0.000000000     0.000000000     0.000000000     0.000000000     0.000000000     0.000000000     0.000000000     
132030.085000000 0.000000000     0.000000000     0.000000000     0.000000000     0.000000000     0.000000000     0.000000000     0.000000000     0.000000000     0.000000000     0.000000000     0.000000000     
132030.090000000 0.000000000     0.000000000     0.000000000     0.000000000     0.000000000     0.000000000     0.000000000     0.000000000     0.000000000     0.000000000     0.000000000     0.000000000     
132030.095000000 0.000000000     0.000000000     0.000000000     0.000000000     0.000000000     0.000000000     0.000000000     0.000000000     0.000000000     0.000000000     0.000000000     0.000000000     
132030.100000000 0.000000000     0.000000000     0.000000000     0.000000000     0.000000000     0.000000000     0.000000000     0.000000000     0.000000000     0.000000000     0.000000000     0.000000000     
132030.105000000 0.000000000     0.000000000     0.000000000     0.000000000     0.000000000     0.000000000     0.000000000     0.000000000     0.000000000     0.000000000     0.000000000     0.000000000     
132030.110000000 0.000000000     0.000000000     0.000000000     0.000000000     0.000000000     0.000000000     0.000000000     0.000000000     0.000000000     0.000000000     0.000000000     0.000000000     
132030.115000000 0.000000000     0.000000000     0.000000000     0.000000000     0.000000000     0.000000000     0.000000000     0.000000000     0.000000000     0.000000000     0.000000000     0.000000000     
132030.120000000 0.000000000     0.000000000     0.000000000     0.000000000     0.000000000     0.000000000     0.000000000     0.000000000     0.000000000     0.000000000     0.000000000     0.000000000     
132030.125000000 0.000000000     0.000000000     0.000000000     0.000000000     0.000000000     0.000000000     0.000000000     0.000000000     0.000000000     0.000000000     0.000000000     0.000000000     
132030.130000000 0.000000000     0.000000000     0.000000000     0.000000000     0.000000000     0.000000000     0.000000000     0.000000000     0.000000000     0.000000000     0.000000000     0.000000000     
132030.135000000 0.000000000     0.000000000     0.000000000     0.000000000     0.000000000     0.000000000     0.000000000     0.000000000     0.000000000     0.000000000     0.000000000     0.000000000     
132030.140000000 0.000000000     0.000000000     0.000000000     0.000000000     0.000000000     0.000000000     0.000000000     0.000000000     0.000000000     0.000000000     0.000000000     0.000000000     
132030.145000000 0.000000000     0.000000000     0.000000000     0.000000000     0.000000000     0.000000000     0.000000000     0.000000000     0.000000000     0.000000000     0.000000000     0.000000000     
132030.150000000 0.000000000     0.000000000     0.000000000     0.000000000     0.000000000     0.000000000     0.000000000     0.000000000     0.000000000     0.000000000     0.000000000     0.000000000     
132030.155000000 0.000000000     0.000000000     0.000000000     0.000000000     0.000000000     0.000000000     0.000000000     0.000000000     0.000000000     0.000000000     0.000000000     0.000000000     
132030.160000000 0.000000000     0.000000000     0.000000000     0.000000000     0.000000000     0.000000000     0.000000000     0.000000000     0.000000000     0.000000000     0.000000000     0.000000000     
132030.165000000 0.000000000     0.000000000     0.000000000     0.000000000     0.000000000     0.000000000     0.000000000     0.000000000     0.000000000     0.000000000     0.000000000     0.000000000     
132030.170000000 0.000000000     0.000000000     0.000000000     0.000000000     0.000000000     0.000000000     0.000000000     0.000000000     0.000000000     0.000000000     0.000000000     0.000000000     
132030.175000000 0.000000000     0.000000000     0.000000000     0.000000000     0.000000000     0.000000000     0.000000000     0.000000000     0.000000000     0.000000000     0.000000000     0.000000000     
132030.180000000 0.000000000     0.000000000     0.000000000     0.000000000     0.000000000     0.000000000     0.000000000     0.000000000     0.000000000     0.000000000     0.000000000     0.000000000     
132030.185000000 0.000000000     0.000000000     0.000000000     0.000000000     0.000000000     0.000000000     0.000000000     0.000000000     0.000000000     0.000000000     0.000000000     0.000000000     
132030.190000000 0.000000000     0.000000000     0.000000000     0.000000000     0.000000000     0.000000000     0.000000000     0.000000000     0.000000000     0.000000000     0.000000000     0.000000000     
132030.195000000 0.000000000     0.000000000     0.000000000     0.000000000     0.000000000     0.000000000     0.000000000     0.000000000     0.000000000     0.000000000     0.000000000     0.000000000     
132030.200000000 0.000000000     0.000000000     0.000000000     0.000000000     0.000000000     0.000000000     0.000000000     0.000000000     0.000000000     0.000000000     0.000000000     0.000000000     
132030.205000000 0.000000000     0.000000000     0.000000000     0.000000000     0.000000000     0.000000000     0.000000000     0.000000000     0.000000000     0.000000000     0.000000000     0.000000000     
132030.210000000 0.000000000     0.000000000     0.000000000     0.000000000     0.000000000     0.000000000     0.000000000     0.000000000     0.000000000     0.000000000     0.000000000     0.000000000     
132030.215000000 0.000000000     0.000000000     0.000000000     0.000000000     0.000000000     0.000000000     0.000000000     0.000000000     0.000000000     0.000000000     0.000000000     0.000000000     
132030.220000000 0.000000000     0.000000000     0.000000000     0.000000000     0.000000000     0.000000000     0.000000000     0.000000000     0.000000000     0.000000000     0.000000000     0.000000000     
132030.225000000 0.000000000     0.000000000     0.000000000     0.000000000     0.000000000     0.000000000     0.000000000     0.000000000     0.000000000     0.000000000     0.000000000     0.000000000     
132030.230000000 0.000000000     0.000000000     0.000000000     0.000000000     0.000000000     0.000000000     0.000000000     0.000000000     0.000000000     0.000000000     0.000000000     0.000000000     
132030.235000000 0.000000000     0.000000000     0.000000000     0.000000000     0.000000000     0.000000000     0.000000000     0.000000000     0.000000000     0.000000000     0.000000000     0.000000000     
132030.240000000 0.000000000     0.000000000     0.000000000     0.000000000     0.000000000     0.000000000     0.000000000     0.000000000     0.000000000     0.000000000     0.000000000     0.000000000     
132030.245000000 0.000000000     0.000000000     0.000000000     0.000000000     0.000000000     0.000000000     0.000000000     0.000000000     0.000000000     0.000000000     0.000000000     0.000000000     
132030.250000000 0.000000000     0.000000000     0.000000000     0.000000000     0.000000000     0.000000000     0.000000000     0.000000000     0.000000000     0.000000000     0.000000000     0.000000000     
132030.255000000 0.000000000     0.000000000     0.000000000     0.000000000     0.000000000     0.000000000     0.000000000     0.000000000     0.000000000     0.000000000     0.000000000     0.000000000     
132030.260000000 0.000000000     0.000000000     0.000000000     0.000000000     0.000000000     0.000000000     0.000000000     0.000000000     0.000000000     0.000000000     0.000000000     0.000000000     
132030.265000000 0.000000000     0.000000000     0.000000000     0.000000000     0.000000000     0.000000000     0.000000000     0.000000000     0.000000000     0.000000000     0.000000000     0.000000000     
132030.270000000 0.000000000     0.000000000     0.000000000     0.000000000     0.000000000     0.000000000     0.000000000     0.000000000     0.000000000     0.000000000     0.000000000     0.000000000     
132030.275000000 0.000000000     0.000000000     0.000000000     0.000000000     0.000000000     0.000000000     0.000000000     0.000000000     0.000000000     0.000000000     0.000000000     0.000000000     
132030.280000000 0.000000000     0.000000000     0.000000000     0.000000000     0.000000000     0.000000000     0.000000000     0.000000000     0.000000000     0.000000000     0.000000000     0.000000000     
132030.285000000 0.000000000     0.000000000     0.000000000     0.000000000     0.000000000     0.000000000     0.000000000     0.000000000     0.000000000     0.000000000     0.000000000     0.000000000     
132030.290000000 0.000000000     0.000000000     0.000000000     0.000000000     0.000000000     0.000000000     0.000000000     0.000000000     0.000000000     0.000000000     0.000000000     0.000000000     
132030.295000000 0.000000000     0.000000000     0.000000000     0.000000000     0.000000000     0.000000000     0.000000000     0.000000000     0.000000000     0.000000000     0.000000000     0.000000000     
132030.300000000 0.000000000     0.000000000     0.000000000     0.000000000     0.000000000     0.000000000     0.000000000     0.000000000     0.000000000     0.000000000     0.000000000     0.000000000     
132030.305000000 0.000000000     0.000000000     0.000000000     0.000000000     0.000000000     0.000000000     0.000000000     0.000000000     0.000000000     0.000000000     0.000000000     0.000000000     
132030.310000000 0.000000000     0.000000000     0.000000000     0.000000000     0.000000000     0.000000000     0.000000000     0.000000000     0.000000000     0.000000000     0.000000000     0.000000000     
132030.315000000 0.000000000     0.000000000     0.000000000     0.000000000     0.000000000     0.000000000     0.000000000     0.000000000     0.000000000     0.000000000     0.000000000     0.000000000     
132030.320000000 0.000000000     0.000000000     0.000000000     0.000000000     0.000000000     0.000000000     0.000000000     0.000000000     0.000000000     0.000000000     0.000000000     0.000000000     
132030.325000000 0.000000000     0.000000000     0.000000000     0.000000000     0.000000000     0.000000000     0.000000000     0.000000000     0.000000000     0.000000000     0.000000000     0.000000000     
132030.330000000 0.000000000     0.000000000     0.000000000     0.000000000     0.000000000     0.000000000     0.000000000     0.000000000     0.000000000     0.000000000     0.000000000     0.000000000     
132030.335000000 0.000000000     0.000000000     0.000000000     0.000000000     0.000000000     0.000000000     0.000000000     0.000000000     0.000000000     0.000000000     0.000000000     0.000000000     
132030.340000000 0.000000000     0.000000000     0.000000000     0.000000000     0.000000000     0.000000000     0.000000000     0.000000000     0.000000000     0.000000000     0.000000000     0.000000000     
132030.345000000 0.000000000     0.000000000     0.000000000     0.000000000     0.000000000     0.000000000     0.000000000     0.000000000     0.000000000     0.000000000     0.000000000     0.000000000     
132030.350000000 0.000000000     0.000000000     0.000000000     0.000000000     0.000000000     0.000000000     0.000000000     0.000000000     0.000000000     0.000000000     0.000000000     0.000000000     
132030.355000000 0.000000000     0.000000000     0.000000000     0.000000000     0.000000000     0.000000000     0.000000000     0.000000000     0.000000000     0.000000000     0.000000000     0.000000000     
132030.360000000 0.000000000     0.000000000     0.000000000     0.000000000     0.000000000     0.000000000     0.000000000     0.000000000     0.000000000     0.000000000     0.000000000     0.000000000     
132030.365000000 0.000000000     0.000000000     0.000000000     0.000000000     0.000000000     0.000000000     0.000000000     0.000000000     0.000000000     0.000000000     0.000000000     0.000000000     
132030.370000000 0.000000000     0.000000000     0.000000000     0.000000000     0.000000000     0.000000000     0.000000000     0.000000000     0.000000000     0.000000000     0.000000000     0.000000000     
132030.375000000 0.000000000     0.000000000     0.000000000     0.000000000     0.000000000     0.000000000     0.000000000     0.000000000     0.000000000     0.000000000     0.000000000     0.000000000     
132030.380000000 0.000000000     0.000000000     0.000000000     0.000000000     0.000000000     0.000000000     0.000000000     0.000000000     0.000000000     0.000000000     0.000000000     0.000000000     
132030.385000000 0.000000000     0.000000000     0.000000000     0.000000000     0.000000000     0.000000000     0.000000000     0.000000000     0.000000000     0.000000000     0.000000000     0.000000000     
132030.390000000 0.000000000     0.000000000     0.000000000     0.000000000     0.000000000     0.000000000     0.000000000     0.000000000     0.000000000     0.000000000     0.000000000     0.000000000     
132030.395000000 0.000000000     0.000000000     0.000000000     0.000000000     0.000000000     0.000000000     0.000000000     0.000000000     0.000000000     0.000000000     0.000000000     0.000000000     
